00001, 1950, 	9.183777777777777, 18.293333333333333
00001, 1951, 	14.0422, -9.435999999999998
00001, 1952, 	19.811, 7.9
00001, 1953, 	20.628999999999998, 39.858000000000004
00001, 1954, 	11.209, 47.457499999999996
00001, 1955, 	15.318249999999999, 24.24625
00001, 1956, 	16.5188, 34.18
00001, 1957, 	14.842500000000001, 37.05
00001, 1958, 	18.287, 50.75666666666666
00001, 1959, 	20.3985, -5.035
00001, 1960, 	25.25375, 13.222500000000002
00001, 1961, 	12.541666666666666, 16.266666666666666
00001, 1962, 	10.8402, 34.23800000000001
00001, 1963, 	16.0765, 42.72
00001, 1964, 	8.03975, 45.0725
00001, 1965, 	7.500500000000001, 41.8725
00001, 1966, 	19.809749999999998, 0.3600000000000021
00001, 1967, 	20.328599999999998, 55.84000000000001
00001, 1968, 	12.0825, 5.55
00001, 1969, 	14.234, 40.980000000000004
00001, 1970, 	3.4939999999999998, 62.7225
00001, 1971, 	17.772000000000002, 26.313333333333333
00001, 1972, 	21.02433333333333, 22.843333333333334
00001, 1973, 	22.035, 24.294
00001, 1974, 	17.356, 29.564999999999998
00001, 1975, 	14.848999999999998, 49.18333333333333
00001, 1976, 	8.282333333333334, 49.01333333333334
00001, 1977, 	14.234500000000002, 15.101666666666667
00001, 1978, 	17.5895, 74.755
00001, 1979, 	17.269799999999996, 21.788
00001, 1980, 	11.085, -6.33
00001, 1981, 	15.8274, 12.178
00001, 1982, 	4.665, 39.56666666666667
00001, 1983, 	10.681, 40.803333333333335
00001, 1984, 	13.429250000000001, 14.35125
00001, 1985, 	13.03375, 18.64
00001, 1986, 	14.306375, 21.973750000000003
00001, 1987, 	20.072333333333336, -7.870000000000001
00001, 1988, 	12.343333333333334, 47.143333333333324
00001, 1989, 	13.838666666666667, 23.363333333333333
00001, 1990, 	15.44414285714286, 23.390000000000004
00001, 1991, 	7.059, 61.14
00001, 1992, 	14.007666666666665, 31.724999999999998
00001, 1993, 	18.721, 10.186666666666666
00001, 1994, 	21.858, 33.545
00001, 1995, 	16.8255, 29.3125
00001, 1996, 	10.639999999999999, 42.285000000000004
00001, 1998, 	14.739714285714285, 4.131428571428573
00001, 1999, 	19.206999999999997, 35.27
00001, 2001, 	18.297, -37.1
00001, 2002, 	13.928624999999998, 7.82
00001, 2003, 	18.482, 6.475000000000001
00001, 2004, 	20.5164, 24.206000000000007
00001, 2005, 	20.91275, 42.712500000000006
00001, 2006, 	12.9775, 4.57
00001, 2007, 	19.586, 50.02
00001, 2008, 	21.80925, 25.384999999999998
00001, 2009, 	15.908333333333331, 33.528333333333336
00003, 1950, 	4.6605, 44.485
00003, 1951, 	19.0265, 81.845
00003, 1952, 	17.969, 61.66
00003, 1953, 	9.80275, 2.662500000000003
00003, 1954, 	18.4195, 35.335
00003, 1955, 	0.856, 26.19
00003, 1956, 	16.21, 6.657500000000001
00003, 1958, 	27.03, 26.9
00003, 1959, 	13.795, 70.18
00003, 1960, 	27.360500000000002, 82.9
00003, 1961, 	28.016, 63.72
00003, 1962, 	17.602, 66.77
00003, 1963, 	15.976666666666665, 52.879999999999995
00003, 1964, 	26.78, -2.34
00003, 1965, 	12.252500000000001, -3.5200000000000014
00003, 1966, 	13.425, 72.57
00003, 1967, 	26.978, 68.48
00003, 1968, 	18.413333333333334, -15.973333333333331
00003, 1969, 	11.324000000000002, 52.9125
00003, 1970, 	17.349000000000004, 12.075000000000001
00003, 1971, 	13.111, 17.76
00003, 1972, 	15.477, 42.175000000000004
00003, 1973, 	14.609666666666664, 58.6
00003, 1975, 	7.343, 24.33
00003, 1976, 	15.422, 36.005
00003, 1977, 	22.515666666666664, 31.91
00003, 1978, 	12.343, 38.84
00003, 1979, 	14.705666666666666, 3.8800000000000003
00003, 1980, 	17.6645, 32.265
00003, 1981, 	7.4645, 66.26
00003, 1982, 	15.6285, 1.8650000000000002
00003, 1983, 	5.83, 48.09
00003, 1984, 	15.7465, 6.0
00003, 1986, 	11.975499999999998, 49.945
00003, 1987, 	21.698000000000004, 51.26666666666667
00003, 1988, 	16.17833333333333, 46.53666666666666
00003, 1989, 	12.8885, 11.941666666666665
00003, 1990, 	18.408400000000004, 41.932
00003, 1991, 	16.944, 94.55
00003, 1992, 	16.0355, 28.650000000000006
00003, 1993, 	23.524, 43.2225
00003, 1994, 	15.988499999999998, 85.35
00003, 1995, 	12.567, 14.305
00003, 1996, 	9.237666666666668, 73.89333333333333
00003, 1997, 	10.0225, 26.71
00003, 1998, 	17.333666666666666, -21.540000000000003
00003, 1999, 	12.281, 78.04
00003, 2000, 	14.113, -36.37
00003, 2001, 	10.3605, 58.295
00003, 2002, 	17.2566, 28.127999999999997
00003, 2003, 	28.002, 5.21
00003, 2004, 	8.161666666666667, 49.93666666666667
00003, 2005, 	18.707333333333334, 67.72333333333334
00003, 2006, 	13.601333333333335, 8.206666666666665
00003, 2007, 	13.336, -39.22
00003, 2008, 	5.3795, 17.115
00003, 2009, 	22.150666666666666, 34.85666666666666
00004, 1950, 	22.377499999999998, 46.324999999999996
00004, 1951, 	11.76, 51.39000000000001
00004, 1952, 	24.586, 40.02
00004, 1953, 	15.994166666666667, 60.300000000000004
00004, 1954, 	18.744, 17.69857142857143
00004, 1955, 	21.1655, 60.199999999999996
00004, 1956, 	1.857, -38.99
00004, 1957, 	16.1535, 21.630000000000003
00004, 1959, 	16.1704, 27.162000000000006
00004, 1960, 	20.062, -18.14
00004, 1961, 	23.162, 92.43
00004, 1962, 	17.656000000000002, 44.70666666666667
00004, 1963, 	17.032249999999998, 58.15
00004, 1964, 	14.687333333333333, 30.02
00004, 1965, 	16.435, 25.544999999999998
00004, 1966, 	0.144, 49.82
00004, 1967, 	24.31833333333333, 82.41333333333334
00004, 1968, 	17.893333333333334, 26.209999999999997
00004, 1969, 	22.282, 21.03
00004, 1970, 	4.463, 20.795
00004, 1971, 	11.643666666666666, 66.29
00004, 1972, 	21.2955, -9.469999999999999
00004, 1973, 	3.715, 40.31
00004, 1974, 	24.995, -0.52
00004, 1975, 	16.7455, 17.645
00004, 1976, 	2.483, 17.25
00004, 1978, 	4.000333333333334, 19.51
00004, 1979, 	11.3185, 18.04
00004, 1980, 	11.386666666666665, 33.32
00004, 1981, 	12.4182, 48.746
00004, 1982, 	2.405, 52.72
00004, 1983, 	6.5120000000000005, -20.985
00004, 1985, 	8.668, 3.8099999999999996
00004, 1986, 	5.734999999999999, 20.145
00004, 1987, 	5.285, -20.87
00004, 1988, 	0.035, -8.56
00004, 1989, 	7.560666666666667, -13.826666666666668
00004, 1991, 	19.376333333333335, 34.37
00004, 1992, 	10.250499999999999, 56.515
00004, 1993, 	25.887999999999998, 46.69
00004, 1994, 	21.133000000000003, 18.009999999999998
00004, 1995, 	19.766, 71.71
00004, 1996, 	9.777999999999999, 38.620000000000005
00004, 1997, 	15.3075, 53.230000000000004
00004, 1998, 	17.600666666666665, 41.88333333333333
00004, 1999, 	22.53633333333333, 19.966666666666665
00004, 2001, 	20.061999999999998, -10.995
00004, 2002, 	12.825666666666669, 56.02
00004, 2003, 	4.818, 27.174999999999997
00004, 2004, 	8.006, -34.79
00004, 2005, 	8.003, -9.015
00004, 2006, 	13.648249999999999, 13.907499999999999
00004, 2007, 	10.985166666666666, 28.128333333333334
00004, 2008, 	14.914333333333333, 27.863333333333333
00004, 2009, 	23.823, 88.7
00005, 1950, 	22.76042857142857, 29.507142857142856
00005, 1951, 	11.869250000000001, 36.345
00005, 1952, 	18.009999999999998, 32.657000000000004
00005, 1953, 	20.15371428571429, 11.494285714285713
00005, 1954, 	16.405125, 35.785000000000004
00005, 1955, 	13.205333333333334, 38.205
00005, 1956, 	16.47525, 22.257499999999997
00005, 1957, 	10.552999999999999, 52.05333333333334
00005, 1958, 	12.853714285714286, 12.034285714285714
00005, 1959, 	11.491666666666665, 44.13000000000001
00005, 1960, 	16.471, 2.2875000000000014
00005, 1961, 	17.470999999999997, 43.346666666666664
00005, 1962, 	17.810285714285715, 49.01428571428572
00005, 1963, 	12.487444444444444, 50.30444444444444
00005, 1964, 	14.497142857142856, 22.687142857142856
00005, 1965, 	15.79577777777778, 22.767777777777777
00005, 1966, 	15.737333333333336, 27.488888888888887
00005, 1967, 	19.111, 41.482
00005, 1968, 	24.129857142857144, 15.59142857142857
00005, 1969, 	15.07125, 23.44125
00005, 1970, 	17.88311111111111, -4.2733333333333325
00005, 1971, 	20.626166666666666, 39.655
00005, 1972, 	9.157, 35.08142857142857
00005, 1973, 	22.156399999999998, 21.860000000000003
00005, 1974, 	14.916142857142855, 21.91
00005, 1975, 	17.792599999999997, 42.065
00005, 1976, 	16.78933333333333, 42.91833333333333
00005, 1977, 	12.674285714285716, 19.647142857142857
00005, 1978, 	17.746125, 40.84625
00005, 1979, 	18.41175, 15.367499999999998
00005, 1980, 	13.2545, 46.34166666666667
00005, 1981, 	15.7698, 69.878
00005, 1982, 	10.952, 50.19166666666666
00005, 1983, 	19.451888888888888, 25.82888888888889
00005, 1984, 	16.455000000000002, 22.62272727272727
00005, 1985, 	13.352500000000001, 24.235
00005, 1986, 	9.3472, 15.059999999999997
00005, 1987, 	13.2604, 28.214999999999996
00005, 1988, 	19.14, 35.472500000000004
00005, 1989, 	13.168999999999999, 10.816666666666668
00005, 1990, 	15.5964, 65.164
00005, 1991, 	14.580499999999999, 12.06
00005, 1992, 	10.689624999999998, 53.885000000000005
00005, 1993, 	15.879199999999997, 27.232
00005, 1994, 	14.282499999999999, 36.163333333333334
00005, 1995, 	13.99175, 26.217499999999998
00005, 1996, 	20.9795, 37.49333333333333
00005, 1997, 	12.759000000000002, 34.36625
00005, 1998, 	13.777199999999999, 39.593999999999994
00005, 1999, 	17.717624999999998, 13.764999999999999
00005, 2000, 	16.85766666666667, 43.73666666666667
00005, 2001, 	11.823333333333332, 12.408888888888889
00005, 2002, 	18.207, 32.64
00005, 2003, 	16.05975, 54.8725
00005, 2004, 	12.995999999999999, 8.709999999999997
00005, 2005, 	17.130000000000003, 30.9875
00005, 2006, 	11.4235, 27.639999999999997
00005, 2007, 	16.593999999999998, 36.235
00005, 2008, 	17.324555555555555, 24.14
00005, 2009, 	18.864, 12.93
00006, 1950, 	19.495444444444445, 35.03666666666666
00006, 1951, 	12.9328, 46.352
00006, 1952, 	17.23183333333333, 18.048333333333332
00006, 1953, 	18.19533333333333, 32.88444444444444
00006, 1954, 	17.78875, 21.277499999999996
00006, 1955, 	13.814333333333334, 6.704444444444444
00006, 1956, 	10.156666666666666, 19.75666666666667
00006, 1957, 	16.215857142857143, 32.07714285714286
00006, 1958, 	10.922900000000002, 36.123999999999995
00006, 1959, 	13.554300000000001, 22.705
00006, 1960, 	16.3942, 20.627
00006, 1961, 	8.906777777777778, 30.508888888888887
00006, 1962, 	18.2399, 27.325
00006, 1963, 	12.372875000000002, 34.816250000000004
00006, 1964, 	9.418666666666667, 17.16
00006, 1965, 	15.071142857142856, 14.035714285714286
00006, 1966, 	16.7825, 21.325000000000003
00006, 1967, 	18.047, 23.746
00006, 1968, 	15.918375, 8.697500000000002
00006, 1969, 	13.2852, 32.83200000000001
00006, 1970, 	12.477, 55.655
00006, 1971, 	12.716999999999999, 30.8825
00006, 1972, 	8.818, 20.115000000000002
00006, 1973, 	15.976333333333331, 40.263333333333335
00006, 1974, 	15.699222222222224, 25.68111111111111
00006, 1975, 	26.61075, -4.5574999999999966
00006, 1976, 	15.302124999999998, 15.514999999999997
00006, 1977, 	15.100285714285715, 49.75857142857142
00006, 1978, 	15.531545454545455, 36.93181818181818
00006, 1979, 	11.005875, 18.20125
00006, 1980, 	17.547599999999996, 47.8
00006, 1981, 	14.073666666666666, 35.39333333333333
00006, 1982, 	11.556666666666665, 37.31166666666667
00006, 1983, 	13.086166666666669, 38.48833333333334
00006, 1984, 	15.962000000000002, 35.91555555555555
00006, 1985, 	15.6215, 62.36
00006, 1986, 	21.253999999999998, 64.74
00006, 1987, 	15.621363636363638, 28.213636363636354
00006, 1988, 	14.4548, 33.811
00006, 1989, 	10.892714285714286, 15.064285714285711
00006, 1990, 	14.0474, 32.233999999999995
00006, 1991, 	13.416999999999998, 65.66
00006, 1992, 	17.57325, 18.802500000000002
00006, 1993, 	14.370142857142856, 51.712857142857146
00006, 1994, 	8.466363636363635, 30.530909090909095
00006, 1995, 	15.138272727272726, 26.272727272727266
00006, 1996, 	19.97942857142857, 61.779999999999994
00006, 1997, 	16.682666666666666, 75.03333333333335
00006, 1998, 	10.516571428571428, 37.38571428571428
00006, 1999, 	20.045222222222222, 10.653333333333332
00006, 2000, 	15.052333333333332, 30.159999999999997
00006, 2001, 	9.615333333333334, -1.6166666666666665
00006, 2002, 	15.271800000000002, 18.113999999999997
00006, 2003, 	15.01275, 7.6675
00006, 2004, 	21.65516666666667, 48.035000000000004
00006, 2005, 	14.241166666666665, 31.810000000000002
00006, 2006, 	18.396666666666665, 46.453333333333326
00006, 2007, 	17.748444444444445, 25.60222222222222
00006, 2008, 	11.93, 64.796
00006, 2009, 	11.637166666666666, 37.47
00007, 1950, 	12.922799999999999, 15.581999999999999
00007, 1951, 	9.540000000000001, 23.065
00007, 1952, 	12.645, 58.195
00007, 1953, 	15.5388, 65.08399999999999
00007, 1954, 	16.587799999999998, 27.805999999999994
00007, 1955, 	13.65775, 28.112499999999997
00007, 1956, 	17.029, 27.919999999999998
00007, 1957, 	10.706, 55.082499999999996
00007, 1958, 	15.552600000000002, 29.552000000000003
00007, 1959, 	19.68375, 38.035
00007, 1960, 	19.540499999999998, 50.8125
00007, 1961, 	21.028000000000002, 42.38999999999999
00007, 1962, 	11.311000000000002, 37.03600000000001
00007, 1963, 	8.3675, 2.7624999999999997
00007, 1964, 	4.1345, 54.045
00007, 1965, 	25.98, 97.07
00007, 1966, 	13.5355, 33.99666666666666
00007, 1967, 	14.233333333333334, 6.030000000000001
00007, 1968, 	10.8885, 36.72
00007, 1969, 	24.00425, 5.78
00007, 1970, 	14.121500000000001, 41.53100000000001
00007, 1971, 	14.0075, 31.396249999999995
00007, 1972, 	7.546749999999999, 56.335
00007, 1973, 	18.832833333333333, 17.173333333333336
00007, 1974, 	13.41225, 27.822499999999998
00007, 1975, 	25.73225, 20.597499999999997
00007, 1976, 	19.008, 51.4125
00007, 1977, 	20.845333333333333, 63.27333333333333
00007, 1978, 	8.434, -11.34
00007, 1979, 	9.153833333333333, 5.155
00007, 1980, 	10.607666666666667, 24.913333333333338
00007, 1981, 	15.721333333333334, 62.38333333333333
00007, 1982, 	8.732, -3.035
00007, 1983, 	14.611142857142855, 36.73142857142857
00007, 1984, 	13.960166666666666, 5.216666666666668
00007, 1985, 	9.9014, 2.7720000000000002
00007, 1986, 	19.915285714285712, 34.99999999999999
00007, 1987, 	14.2978, 15.907999999999998
00007, 1988, 	17.1318, 58.789
00007, 1989, 	14.171999999999999, 47.62
00007, 1990, 	4.377, 43.99
00007, 1991, 	17.1065, 39.227500000000006
00007, 1992, 	18.25, 16.406666666666666
00007, 1993, 	15.391714285714286, 22.639999999999993
00007, 1994, 	18.67233333333333, 38.32
00007, 1995, 	16.662499999999998, -1.700000000000001
00007, 1996, 	11.813500000000001, 57.3
00007, 1997, 	13.6525, 16.95
00007, 1998, 	14.312999999999999, -1.3725
00007, 1999, 	9.345, 73.43
00007, 2000, 	21.5948, 11.712
00007, 2001, 	17.416999999999998, 11.803999999999998
00007, 2002, 	20.9415, 63.69499999999999
00007, 2003, 	11.444, 65.56666666666666
00007, 2004, 	18.3825, 26.3525
00007, 2005, 	17.721999999999998, -0.37333333333333424
00007, 2006, 	22.121333333333336, 61.18333333333334
00007, 2007, 	11.558, 3.6733333333333342
00007, 2008, 	15.215125, 37.1875
00007, 2009, 	13.411, 18.705555555555556
00008, 1950, 	27.025, -14.15
00008, 1951, 	20.460249999999995, 32.027499999999996
00008, 1952, 	13.181, 13.556666666666667
00008, 1953, 	10.549500000000002, 26.883000000000003
00008, 1954, 	6.33825, 11.494999999999997
00008, 1955, 	16.9855, 37.0
00008, 1957, 	16.86257142857143, -2.758571428571426
00008, 1958, 	17.75233333333333, 33.971666666666664
00008, 1959, 	19.010749999999998, 6.549999999999999
00008, 1960, 	13.774199999999999, 28.338
00008, 1961, 	12.048428571428571, 29.54571428571429
00008, 1962, 	6.83475, 4.272499999999999
00008, 1963, 	16.856333333333335, 34.74666666666666
00008, 1964, 	10.901499999999999, 24.474999999999998
00008, 1965, 	13.377, 21.686
00008, 1966, 	11.878333333333336, 5.473333333333332
00008, 1967, 	22.4322, 62.129999999999995
00008, 1968, 	15.518166666666666, 39.93833333333333
00008, 1969, 	18.569, 41.705000000000005
00008, 1970, 	11.93, 74.14666666666666
00008, 1971, 	15.885666666666665, 53.77333333333333
00008, 1972, 	10.347, -36.29
00008, 1973, 	5.067, 6.4
00008, 1974, 	14.072, -20.744999999999997
00008, 1975, 	28.311, 92.01
00008, 1976, 	25.1575, 50.61
00008, 1977, 	11.789, 12.193333333333333
00008, 1978, 	14.204249999999998, 25.5225
00008, 1979, 	16.185, 28.656666666666666
00008, 1980, 	9.011999999999999, -9.395
00008, 1981, 	16.525333333333332, 33.403333333333336
00008, 1982, 	8.85475, 44.3925
00008, 1983, 	16.381, 72.54
00008, 1984, 	11.553666666666667, 30.460000000000004
00008, 1985, 	14.402, -2.9675000000000002
00008, 1986, 	8.8765, 27.884999999999998
00008, 1987, 	14.647499999999999, 8.35
00008, 1988, 	13.01125, 20.795
00008, 1989, 	14.7145, -15.0925
00008, 1990, 	14.190285714285713, 26.784285714285712
00008, 1991, 	18.307714285714287, 43.97571428571428
00008, 1992, 	16.769000000000002, 17.61
00008, 1993, 	15.195142857142859, 38.37285714285714
00008, 1994, 	16.994666666666664, 33.699999999999996
00008, 1995, 	13.97088888888889, 40.111111111111114
00008, 1996, 	11.310599999999999, 43.54
00008, 1997, 	13.988, 28.220000000000002
00008, 1998, 	17.98833333333333, 34.45
00008, 1999, 	16.970666666666666, 33.86
00008, 2000, 	16.848333333333333, 5.8566666666666665
00008, 2001, 	13.514750000000001, 37.345
00008, 2002, 	7.884600000000001, 12.814000000000002
00008, 2003, 	12.167800000000002, 43.358
00008, 2004, 	10.48425, 10.0175
00008, 2005, 	15.180666666666665, 9.700000000000001
00008, 2006, 	9.256, 19.764
00008, 2007, 	18.802333333333333, 40.71
00008, 2008, 	13.951166666666666, 37.89666666666667
00008, 2009, 	14.711272727272727, 29.395454545454548
00009, 1950, 	9.833235294117644, 27.754705882352944
00009, 1951, 	17.12466666666667, 20.947777777777777
00009, 1952, 	14.625642857142855, 23.264999999999997
00009, 1953, 	13.996571428571428, 49.69714285714286
00009, 1954, 	7.608, 4.783333333333332
00009, 1955, 	12.703444444444443, 35.88666666666666
00009, 1956, 	19.803888888888892, 40.45666666666666
00009, 1957, 	16.62884615384615, 21.158461538461538
00009, 1958, 	13.676, 35.818461538461534
00009, 1959, 	14.319266666666667, 29.134000000000004
00009, 1960, 	9.789600000000002, 33.196000000000005
00009, 1961, 	17.7081, 25.153
00009, 1962, 	17.480846153846155, 29.129230769230766
00009, 1963, 	12.299285714285714, 14.243571428571428
00009, 1964, 	10.668333333333335, 35.669999999999995
00009, 1965, 	18.886733333333332, 32.129999999999995
00009, 1966, 	14.953000000000005, 43.93793103448276
00009, 1967, 	17.277500000000003, 20.660999999999998
00009, 1968, 	13.904538461538461, 34.783076923076926
00009, 1969, 	12.211555555555556, 31.98333333333333
00009, 1970, 	16.181272727272727, 24.907272727272723
00009, 1971, 	15.381214285714288, 20.277857142857147
00009, 1972, 	18.122555555555557, 32.16111111111112
00009, 1973, 	13.917166666666667, 27.491666666666664
00009, 1974, 	16.482714285714284, 30.93285714285714
00009, 1975, 	15.0494375, 36.14875
00009, 1976, 	10.635555555555555, 49.40777777777778
00009, 1977, 	14.905692307692307, 24.38538461538461
00009, 1978, 	10.6036, 22.526000000000003
00009, 1979, 	17.683555555555557, 53.68555555555555
00009, 1980, 	16.747875, 19.813750000000006
00009, 1981, 	18.537928571428573, 27.09071428571429
00009, 1982, 	16.36675, 25.649375
00009, 1983, 	19.2762, 17.042
00009, 1984, 	15.189666666666666, 18.570555555555558
00009, 1985, 	15.344166666666666, 28.72666666666667
00009, 1986, 	14.994, 40.57222222222222
00009, 1987, 	15.637555555555556, 11.19
00009, 1988, 	13.747714285714284, 26.19571428571428
00009, 1989, 	13.481199999999998, 24.402
00009, 1990, 	15.914727272727271, 35.343636363636364
00009, 1991, 	15.2055, 44.922000000000004
00009, 1992, 	10.639842105263156, 24.24578947368421
00009, 1993, 	16.759636363636364, 39.264545454545456
00009, 1994, 	15.756272727272728, 33.3890909090909
00009, 1995, 	17.659062499999997, 40.69875
00009, 1996, 	16.549785714285715, 48.214285714285715
00009, 1997, 	13.753499999999997, 8.850833333333334
00009, 1998, 	17.213250000000002, 19.99125
00009, 1999, 	15.233857142857142, 33.379285714285714
00009, 2000, 	11.278714285714285, 41.36
00009, 2001, 	18.394399999999997, -4.970000000000001
00009, 2002, 	12.701076923076922, 32.44307692307693
00009, 2003, 	15.621625, 48.410624999999996
00009, 2004, 	12.708888888888888, 31.188888888888894
00009, 2005, 	8.640799999999999, 1.7159999999999997
00009, 2006, 	13.771636363636366, 25.01090909090909
00009, 2007, 	10.129999999999999, 49.906000000000006
00009, 2008, 	16.38311764705882, 23.395882352941186
00009, 2009, 	14.318999999999999, 30.840000000000003
00010, 1950, 	5.839, 4.8
00010, 1951, 	17.574, 17.237499999999997
00010, 1952, 	14.385250000000001, 31.3375
00010, 1953, 	11.809666666666667, 24.38
00010, 1954, 	24.721, 16.47
00010, 1955, 	16.7035, -0.48999999999999977
00010, 1956, 	15.059666666666667, -26.169999999999998
00010, 1957, 	21.667, 25.01666666666667
00010, 1958, 	14.57, 38.585
00010, 1959, 	14.7764, 35.634
00010, 1960, 	4.982, 31.690000000000005
00010, 1961, 	18.643666666666665, 71.55666666666666
00010, 1962, 	14.4965, 31.255
00010, 1963, 	6.3790000000000004, 34.45333333333333
00010, 1964, 	16.709666666666667, 17.853333333333335
00010, 1965, 	17.15925, 52.53
00010, 1966, 	1.312, 29.62
00010, 1967, 	17.1645, 39.55
00010, 1968, 	26.739, 44.17
00010, 1969, 	23.94966666666667, -3.9566666666666657
00010, 1970, 	10.098500000000001, 50.045
00010, 1971, 	21.95, 95.96
00010, 1972, 	19.78, -7.4
00010, 1974, 	17.877, 3.7266666666666666
00010, 1975, 	9.292, 35.81
00010, 1976, 	3.886, 68.0
00010, 1977, 	9.07875, 52.5
00010, 1978, 	20.6375, 48.307500000000005
00010, 1979, 	14.89033333333333, 10.459999999999999
00010, 1980, 	13.278500000000001, 28.855
00010, 1981, 	27.572, 68.18
00010, 1982, 	16.060333333333332, 28.453333333333333
00010, 1983, 	14.193000000000001, 72.57
00010, 1984, 	19.437, 50.9475
00010, 1985, 	17.646, 69.05
00010, 1986, 	17.9035, 14.28
00010, 1987, 	16.490666666666666, 44.03666666666667
00010, 1989, 	17.8265, -1.67
00010, 1990, 	12.686, 55.275000000000006
00010, 1991, 	14.90825, 72.63499999999999
00010, 1992, 	28.971, 24.01
00010, 1993, 	20.7125, 71.405
00010, 1994, 	14.409, 9.708000000000002
00010, 1998, 	17.572, 18.16333333333333
00010, 1999, 	17.358999999999998, 88.22
00010, 2000, 	26.458, 34.08
00010, 2001, 	14.633750000000001, 30.747500000000002
00010, 2002, 	13.209333333333333, 9.809999999999999
00010, 2003, 	18.837249999999997, 33.6525
00010, 2004, 	15.8095, -1.7750000000000004
00010, 2005, 	11.082999999999998, 12.433333333333332
00010, 2006, 	13.243199999999998, 40.32
00010, 2007, 	14.979999999999999, 9.943333333333333
00010, 2008, 	23.902, 54.45
00010, 2009, 	20.488666666666667, 61.163333333333334
