00001, 1900,	51.108
00001, 1901,	25.146
00001, 1902,	82.826
00001, 1903,	105.72999999999999
00001, 1904,	41.931999999999995
00001, 1905,	19.549
00001, 1906,	130.632
00001, 1907,	61.824
00001, 1908,	114.58599999999998
00001, 1909,	141.414
00001, 1910,	41.741
00001, 1911,	86.999
00001, 1912,	3.456
00001, 1913,	75.647
00001, 1914,	14.42
00001, 1915,	16.332
00001, 1916,	13.516
00001, 1917,	29.693
00001, 1918,	75.937
00001, 1919,	67.50200000000001
00001, 1920,	51.96
00001, 1921,	11.979
00001, 1922,	23.923000000000002
00001, 1923,	40.758
00001, 1924,	20.951999999999998
00001, 1925,	61.846
00001, 1926,	41.004000000000005
00001, 1927,	23.047
00001, 1928,	14.103
00001, 1929,	69.49199999999999
00001, 1930,	44.997
00001, 1931,	62.809000000000005
00001, 1932,	56.191
00001, 1933,	47.144000000000005
00001, 1934,	78.14599999999999
00001, 1935,	37.121
00001, 1936,	40.495
00001, 1937,	117.641
00001, 1938,	44.016999999999996
00001, 1939,	58.458000000000006
00001, 1940,	83.443
00001, 1941,	48.998999999999995
00001, 1942,	85.17399999999999
00001, 1943,	64.548
00001, 1944,	24.543
00001, 1945,	155.878
00001, 1946,	63.778000000000006
00001, 1947,	13.225
00001, 1948,	64.916
00001, 1949,	123.481
00001, 1950,	82.654
00001, 1951,	70.21100000000001
00001, 1952,	39.622
00001, 1953,	103.145
00001, 1954,	44.836
00001, 1955,	122.54599999999998
00001, 1956,	82.594
00001, 1957,	59.370000000000005
00001, 1958,	54.861
00001, 1959,	40.797
00001, 1960,	101.015
00001, 1961,	75.25
00001, 1962,	54.201
00001, 1963,	64.306
00001, 1964,	32.159
00001, 1965,	30.002000000000002
00001, 1966,	79.23899999999999
00001, 1967,	101.643
00001, 1968,	48.33
00001, 1969,	28.468
00001, 1970,	13.975999999999999
00001, 1971,	53.316
00001, 1972,	126.14599999999999
00001, 1973,	110.175
00001, 1974,	34.712
00001, 1975,	44.547
00001, 1976,	24.847
00001, 1977,	85.407
00001, 1978,	35.179
00001, 1979,	86.34899999999999
00001, 1980,	11.085
00001, 1981,	79.137
00001, 1982,	13.995
00001, 1983,	64.086
00001, 1984,	107.43399999999998
00001, 1985,	52.135
00001, 1986,	114.451
00001, 1987,	60.217000000000006
00001, 1988,	37.03
00001, 1989,	41.516
00001, 1990,	108.10900000000001
00001, 1991,	7.059
00001, 1992,	84.04599999999999
00001, 1993,	56.163
00001, 1994,	43.716
00001, 1995,	67.30199999999999
00001, 1996,	63.839999999999996
00001, 1998,	103.178
00001, 1999,	172.863
00001, 2001,	18.297
00001, 2002,	111.42899999999999
00001, 2003,	110.89200000000001
00001, 2004,	102.58200000000001
00001, 2005,	83.651
00001, 2006,	25.955
00001, 2007,	19.586
00001, 2008,	87.237
00001, 2009,	95.45
00003, 1900,	91.921
00003, 1902,	41.641
00003, 1903,	32.089
00003, 1904,	67.706
00003, 1905,	86.48800000000001
00003, 1906,	24.297
00003, 1907,	48.304
00003, 1908,	3.243
00003, 1910,	71.417
00003, 1911,	40.547
00003, 1912,	61.111
00003, 1914,	103.44
00003, 1915,	62.741
00003, 1916,	42.342
00003, 1917,	24.622
00003, 1918,	29.762
00003, 1919,	52.854
00003, 1920,	19.018
00003, 1921,	44.550000000000004
00003, 1923,	17.656
00003, 1924,	47.78
00003, 1926,	18.368
00003, 1927,	19.148999999999997
00003, 1928,	68.466
00003, 1929,	23.443
00003, 1930,	20.764
00003, 1931,	23.015
00003, 1932,	97.102
00003, 1933,	21.823
00003, 1934,	62.817
00003, 1936,	13.3
00003, 1937,	92.67699999999999
00003, 1938,	10.111
00003, 1939,	110.27199999999999
00003, 1940,	30.159
00003, 1941,	47.393
00003, 1942,	7.741
00003, 1943,	15.869
00003, 1944,	39.457
00003, 1945,	71.42
00003, 1946,	11.52
00003, 1947,	27.187
00003, 1948,	8.927
00003, 1949,	44.917
00003, 1950,	9.321
00003, 1951,	38.053
00003, 1952,	17.969
00003, 1953,	39.211
00003, 1954,	36.839
00003, 1955,	0.856
00003, 1956,	64.84
00003, 1958,	27.03
00003, 1959,	13.795
00003, 1960,	54.721000000000004
00003, 1961,	28.016
00003, 1962,	17.602
00003, 1963,	47.93
00003, 1964,	53.56
00003, 1965,	24.505000000000003
00003, 1966,	13.425
00003, 1967,	26.978
00003, 1968,	55.239999999999995
00003, 1969,	45.29600000000001
00003, 1970,	69.396
00003, 1971,	26.222
00003, 1972,	30.954
00003, 1973,	43.829
00003, 1975,	7.343
00003, 1976,	30.844
00003, 1977,	67.547
00003, 1978,	12.343
00003, 1979,	44.117
00003, 1980,	35.329
00003, 1981,	29.858
00003, 1982,	31.257
00003, 1983,	5.83
00003, 1984,	31.493
00003, 1986,	23.950999999999997
00003, 1987,	65.09400000000001
00003, 1988,	48.535000000000004
00003, 1989,	77.331
00003, 1990,	92.042
00003, 1991,	16.944
00003, 1992,	128.284
00003, 1993,	94.096
00003, 1994,	31.976999999999997
00003, 1995,	25.134
00003, 1996,	27.713
00003, 1997,	20.045
00003, 1998,	52.001
00003, 1999,	12.281
00003, 2000,	14.113
00003, 2001,	20.721
00003, 2002,	86.28299999999999
00003, 2003,	28.002
00003, 2004,	24.485
00003, 2005,	56.122
00003, 2006,	40.804
00003, 2007,	13.336
00003, 2008,	10.759
00003, 2009,	66.452
00004, 1900,	67.262
00004, 1901,	9.408
00004, 1902,	4.168
00004, 1903,	19.082
00004, 1904,	35.027
00004, 1905,	85.96300000000001
00004, 1906,	109.05
00004, 1907,	18.453
00004, 1909,	109.232
00004, 1910,	30.034
00004, 1911,	43.442
00004, 1912,	36.548
00004, 1913,	3.701
00004, 1914,	52.317
00004, 1915,	2.622
00004, 1916,	1.404
00004, 1917,	22.943
00004, 1918,	23.044
00004, 1919,	4.58
00004, 1920,	50.866
00004, 1921,	69.995
00004, 1922,	35.706
00004, 1923,	46.135000000000005
00004, 1924,	47.044000000000004
00004, 1925,	22.365
00004, 1926,	13.596
00004, 1928,	23.411
00004, 1930,	17.399
00004, 1931,	25.881999999999998
00004, 1932,	29.458000000000002
00004, 1934,	19.784
00004, 1935,	57.528000000000006
00004, 1936,	31.728
00004, 1937,	64.785
00004, 1938,	41.841
00004, 1939,	48.679
00004, 1940,	32.181000000000004
00004, 1941,	43.813
00004, 1942,	18.18
00004, 1943,	21.797
00004, 1944,	36.995
00004, 1945,	2.107
00004, 1946,	31.053
00004, 1948,	43.909
00004, 1949,	5.069
00004, 1950,	44.754999999999995
00004, 1951,	35.279999999999994
00004, 1952,	24.586
00004, 1953,	95.965
00004, 1954,	131.208
00004, 1955,	42.331
00004, 1956,	1.857
00004, 1957,	64.614
00004, 1959,	80.852
00004, 1960,	20.062
00004, 1961,	23.162
00004, 1962,	52.968
00004, 1963,	68.12899999999999
00004, 1964,	44.062
00004, 1965,	32.87
00004, 1966,	0.144
00004, 1967,	72.955
00004, 1968,	53.68
00004, 1969,	22.282
00004, 1970,	8.926
00004, 1971,	34.931
00004, 1972,	42.591
00004, 1973,	3.715
00004, 1974,	24.995
00004, 1975,	66.982
00004, 1976,	2.483
00004, 1978,	12.001000000000001
00004, 1979,	22.637
00004, 1980,	34.16
00004, 1981,	62.09100000000001
00004, 1982,	4.81
00004, 1983,	13.024000000000001
00004, 1985,	17.336
00004, 1986,	11.469999999999999
00004, 1987,	5.285
00004, 1988,	0.035
00004, 1989,	22.682000000000002
00004, 1991,	58.129
00004, 1992,	20.500999999999998
00004, 1993,	51.775999999999996
00004, 1994,	105.66499999999999
00004, 1995,	19.766
00004, 1996,	19.555999999999997
00004, 1997,	30.615
00004, 1998,	52.802
00004, 1999,	67.609
00004, 2001,	40.123999999999995
00004, 2002,	38.477000000000004
00004, 2003,	9.636
00004, 2004,	8.006
00004, 2005,	16.006
00004, 2006,	54.592999999999996
00004, 2007,	65.911
00004, 2008,	44.743
00004, 2009,	23.823
00005, 1900,	110.78999999999999
00005, 1901,	65.266
00005, 1902,	183.44899999999998
00005, 1903,	88.036
00005, 1904,	217.72400000000005
00005, 1905,	110.4
00005, 1906,	54.402
00005, 1907,	128.88
00005, 1908,	140.56
00005, 1909,	153.54199999999997
00005, 1910,	79.906
00005, 1911,	174.17700000000002
00005, 1912,	118.15700000000001
00005, 1913,	225.95
00005, 1914,	164.485
00005, 1915,	87.82900000000001
00005, 1916,	84.63300000000001
00005, 1917,	152.52599999999998
00005, 1918,	89.103
00005, 1919,	121.439
00005, 1920,	88.36300000000001
00005, 1921,	58.499
00005, 1922,	77.586
00005, 1923,	85.63800000000002
00005, 1924,	93.33500000000001
00005, 1925,	106.701
00005, 1926,	64.82
00005, 1927,	78.12200000000001
00005, 1928,	46.003
00005, 1929,	102.255
00005, 1930,	46.815
00005, 1931,	112.05799999999999
00005, 1932,	109.68199999999999
00005, 1933,	94.811
00005, 1934,	94.25099999999999
00005, 1935,	171.67299999999997
00005, 1936,	121.37200000000001
00005, 1937,	126.45499999999998
00005, 1938,	71.932
00005, 1939,	99.301
00005, 1940,	154.851
00005, 1941,	76.703
00005, 1942,	199.44899999999998
00005, 1943,	105.35499999999999
00005, 1944,	133.122
00005, 1945,	119.77
00005, 1946,	181.792
00005, 1947,	116.427
00005, 1948,	48.908
00005, 1949,	180.05700000000002
00005, 1950,	159.323
00005, 1951,	47.477000000000004
00005, 1952,	180.1
00005, 1953,	141.076
00005, 1954,	131.241
00005, 1955,	79.232
00005, 1956,	131.802
00005, 1957,	31.659
00005, 1958,	89.976
00005, 1959,	103.425
00005, 1960,	65.884
00005, 1961,	157.239
00005, 1962,	124.67199999999998
00005, 1963,	112.387
00005, 1964,	101.48
00005, 1965,	142.16199999999998
00005, 1966,	141.636
00005, 1967,	95.555
00005, 1968,	168.909
00005, 1969,	120.57
00005, 1970,	160.94800000000004
00005, 1971,	123.757
00005, 1972,	64.09899999999999
00005, 1973,	110.78200000000001
00005, 1974,	104.413
00005, 1975,	177.926
00005, 1976,	100.73599999999999
00005, 1977,	88.72
00005, 1978,	141.96900000000002
00005, 1979,	147.29400000000004
00005, 1980,	79.527
00005, 1981,	78.84899999999999
00005, 1982,	65.712
00005, 1983,	175.067
00005, 1984,	181.005
00005, 1985,	133.525
00005, 1986,	93.472
00005, 1987,	132.60399999999998
00005, 1988,	153.12
00005, 1989,	79.014
00005, 1990,	77.982
00005, 1991,	87.483
00005, 1992,	85.51700000000001
00005, 1993,	79.396
00005, 1994,	85.695
00005, 1995,	55.967
00005, 1996,	251.75399999999996
00005, 1997,	102.072
00005, 1998,	68.886
00005, 1999,	141.74099999999999
00005, 2000,	50.57300000000001
00005, 2001,	106.41
00005, 2002,	36.414
00005, 2003,	64.239
00005, 2004,	51.983999999999995
00005, 2005,	68.52
00005, 2006,	45.693999999999996
00005, 2007,	66.37599999999999
00005, 2008,	155.921
00005, 2009,	56.592
00006, 1900,	68.788
00006, 1901,	128.044
00006, 1902,	67.734
00006, 1903,	141.961
00006, 1904,	81.763
00006, 1905,	164.512
00006, 1906,	44.064
00006, 1907,	166.427
00006, 1908,	141.62199999999999
00006, 1909,	71.9
00006, 1910,	78.00500000000001
00006, 1911,	142.93200000000002
00006, 1912,	113.88600000000001
00006, 1913,	80.33200000000001
00006, 1914,	85.746
00006, 1915,	39.448
00006, 1916,	69.46499999999999
00006, 1917,	78.19
00006, 1918,	36.773
00006, 1919,	91.512
00006, 1920,	97.005
00006, 1921,	107.729
00006, 1922,	100.414
00006, 1923,	129.203
00006, 1924,	81.38799999999999
00006, 1925,	90.693
00006, 1926,	149.256
00006, 1927,	134.334
00006, 1928,	89.291
00006, 1929,	113.214
00006, 1930,	48.019999999999996
00006, 1931,	31.273
00006, 1932,	181.648
00006, 1933,	79.9
00006, 1934,	80.98400000000001
00006, 1935,	49.251999999999995
00006, 1936,	125.643
00006, 1937,	111.673
00006, 1938,	84.663
00006, 1939,	67.784
00006, 1940,	105.097
00006, 1941,	88.388
00006, 1942,	205.89600000000002
00006, 1943,	194.446
00006, 1944,	186.437
00006, 1945,	102.058
00006, 1946,	56.479
00006, 1947,	88.685
00006, 1948,	40.913
00006, 1949,	141.064
00006, 1950,	175.459
00006, 1951,	64.66399999999999
00006, 1952,	206.78199999999998
00006, 1953,	163.758
00006, 1954,	71.155
00006, 1955,	124.32900000000001
00006, 1956,	30.47
00006, 1957,	113.511
00006, 1958,	109.22899999999998
00006, 1959,	135.543
00006, 1960,	163.942
00006, 1961,	80.161
00006, 1962,	182.39900000000003
00006, 1963,	98.983
00006, 1964,	28.256
00006, 1965,	105.49800000000002
00006, 1966,	67.13
00006, 1967,	90.235
00006, 1968,	127.34700000000001
00006, 1969,	66.426
00006, 1970,	49.907999999999994
00006, 1971,	50.867999999999995
00006, 1972,	70.54400000000001
00006, 1973,	95.85799999999998
00006, 1974,	141.293
00006, 1975,	106.44299999999998
00006, 1976,	122.41700000000002
00006, 1977,	105.70200000000001
00006, 1978,	170.847
00006, 1979,	88.04700000000001
00006, 1980,	87.738
00006, 1981,	42.221
00006, 1982,	69.33999999999999
00006, 1983,	78.51700000000001
00006, 1984,	143.658
00006, 1985,	62.486000000000004
00006, 1986,	42.507999999999996
00006, 1987,	171.835
00006, 1988,	144.548
00006, 1989,	76.249
00006, 1990,	70.237
00006, 1991,	67.08500000000001
00006, 1992,	70.29299999999999
00006, 1993,	100.59100000000001
00006, 1994,	93.13
00006, 1995,	166.52100000000002
00006, 1996,	139.856
00006, 1997,	50.048
00006, 1998,	73.61599999999999
00006, 1999,	180.407
00006, 2000,	90.31400000000001
00006, 2001,	57.69199999999999
00006, 2002,	76.35900000000001
00006, 2003,	60.051
00006, 2004,	129.93099999999998
00006, 2005,	85.447
00006, 2006,	110.38
00006, 2007,	159.73600000000002
00006, 2008,	59.65
00006, 2009,	69.82300000000001
00007, 1900,	64.513
00007, 1901,	68.213
00007, 1902,	39.622
00007, 1903,	26.109
00007, 1904,	87.757
00007, 1905,	64.233
00007, 1906,	53.214
00007, 1907,	63.948
00007, 1908,	38.702
00007, 1909,	13.894
00007, 1910,	60.099000000000004
00007, 1911,	72.412
00007, 1912,	28.652
00007, 1913,	88.617
00007, 1914,	59.974000000000004
00007, 1915,	53.443
00007, 1916,	71.979
00007, 1917,	4.524
00007, 1918,	69.081
00007, 1919,	41.81
00007, 1920,	127.43799999999999
00007, 1921,	4.453
00007, 1922,	56.743
00007, 1923,	109.804
00007, 1924,	8.473
00007, 1925,	60.187
00007, 1926,	104.63299999999998
00007, 1927,	9.065
00007, 1928,	99.372
00007, 1929,	49.618
00007, 1930,	100.029
00007, 1931,	47.896
00007, 1932,	45.506
00007, 1933,	75.068
00007, 1934,	87.21900000000001
00007, 1935,	85.094
00007, 1936,	49.253
00007, 1937,	65.295
00007, 1938,	41.956
00007, 1939,	36.203
00007, 1940,	27.079
00007, 1941,	36.777
00007, 1942,	50.276999999999994
00007, 1943,	88.263
00007, 1944,	70.023
00007, 1945,	103.88499999999999
00007, 1946,	33.300000000000004
00007, 1947,	65.82600000000001
00007, 1948,	70.375
00007, 1949,	28.805
00007, 1950,	64.614
00007, 1951,	19.080000000000002
00007, 1952,	25.29
00007, 1953,	77.694
00007, 1954,	82.939
00007, 1955,	54.631
00007, 1956,	68.116
00007, 1957,	42.824
00007, 1958,	77.763
00007, 1959,	78.735
00007, 1960,	78.162
00007, 1961,	63.084
00007, 1962,	56.55500000000001
00007, 1963,	33.47
00007, 1964,	8.269
00007, 1965,	25.98
00007, 1966,	81.213
00007, 1967,	85.39999999999999
00007, 1968,	43.55400000000001
00007, 1969,	96.017
00007, 1970,	141.215
00007, 1971,	112.06
00007, 1972,	30.187
00007, 1973,	112.997
00007, 1974,	53.649
00007, 1975,	102.929
00007, 1976,	76.032
00007, 1977,	62.536
00007, 1978,	8.434
00007, 1979,	54.923
00007, 1980,	63.646
00007, 1981,	47.164
00007, 1982,	34.928
00007, 1983,	102.27799999999999
00007, 1984,	83.76100000000001
00007, 1985,	49.507000000000005
00007, 1986,	139.40699999999998
00007, 1987,	71.48899999999999
00007, 1988,	171.318
00007, 1989,	99.20400000000001
00007, 1990,	4.377
00007, 1991,	68.426
00007, 1992,	54.75
00007, 1993,	107.742
00007, 1994,	56.016999999999996
00007, 1995,	66.64999999999999
00007, 1996,	23.627000000000002
00007, 1997,	109.22
00007, 1998,	114.50399999999999
00007, 1999,	9.345
00007, 2000,	107.97399999999999
00007, 2001,	87.085
00007, 2002,	41.883
00007, 2003,	34.331999999999994
00007, 2004,	73.53
00007, 2005,	106.332
00007, 2006,	66.364
00007, 2007,	34.674
00007, 2008,	121.721
00007, 2009,	120.69900000000001
00008, 1900,	107.982
00008, 1901,	79.725
00008, 1902,	24.601
00008, 1903,	26.838
00008, 1904,	68.624
00008, 1905,	126.059
00008, 1906,	67.325
00008, 1907,	121.059
00008, 1908,	81.553
00008, 1909,	33.767
00008, 1910,	112.53899999999999
00008, 1911,	159.667
00008, 1912,	150.16
00008, 1913,	88.565
00008, 1914,	53.346000000000004
00008, 1915,	121.76
00008, 1916,	51.443
00008, 1917,	63.352999999999994
00008, 1918,	52.619
00008, 1919,	89.993
00008, 1920,	19.307
00008, 1921,	26.463
00008, 1922,	59.05
00008, 1923,	87.70800000000001
00008, 1924,	49.019
00008, 1925,	48.417
00008, 1926,	117.74199999999999
00008, 1927,	44.601
00008, 1928,	93.446
00008, 1929,	51.574
00008, 1930,	96.81299999999999
00008, 1931,	75.151
00008, 1932,	93.886
00008, 1933,	53.363
00008, 1934,	61.668000000000006
00008, 1935,	125.805
00008, 1936,	89.444
00008, 1937,	77.985
00008, 1938,	109.4
00008, 1939,	33.967
00008, 1940,	48.939
00008, 1941,	120.691
00008, 1942,	10.699
00008, 1943,	67.38300000000001
00008, 1944,	137.065
00008, 1945,	88.00399999999999
00008, 1946,	108.70100000000001
00008, 1947,	93.036
00008, 1948,	49.76
00008, 1949,	66.57
00008, 1950,	108.1
00008, 1951,	81.84100000000001
00008, 1952,	39.543
00008, 1953,	105.49500000000002
00008, 1954,	25.353
00008, 1955,	67.94200000000001
00008, 1957,	118.03800000000001
00008, 1958,	106.51399999999998
00008, 1959,	76.04299999999999
00008, 1960,	68.87100000000001
00008, 1961,	84.339
00008, 1962,	27.339
00008, 1963,	50.568999999999996
00008, 1964,	21.802999999999997
00008, 1965,	66.885
00008, 1966,	35.635000000000005
00008, 1967,	112.161
00008, 1968,	93.10900000000001
00008, 1969,	111.414
00008, 1970,	35.79
00008, 1971,	47.657
00008, 1972,	10.347
00008, 1973,	10.134
00008, 1974,	28.144
00008, 1975,	28.311
00008, 1976,	50.315
00008, 1977,	35.367
00008, 1978,	56.81699999999999
00008, 1979,	48.555
00008, 1980,	18.023999999999997
00008, 1981,	99.15199999999999
00008, 1982,	35.419000000000004
00008, 1983,	32.762
00008, 1984,	69.322
00008, 1985,	57.608
00008, 1986,	17.753
00008, 1987,	87.88499999999999
00008, 1988,	52.045
00008, 1989,	58.858000000000004
00008, 1990,	99.33200000000001
00008, 1991,	128.154
00008, 1992,	134.152
00008, 1993,	106.36600000000001
00008, 1994,	50.984
00008, 1995,	125.73799999999999
00008, 1996,	56.553
00008, 1997,	83.92799999999998
00008, 1998,	161.89499999999998
00008, 1999,	50.912000000000006
00008, 2000,	50.544999999999995
00008, 2001,	54.059000000000005
00008, 2002,	39.423
00008, 2003,	60.839
00008, 2004,	41.937
00008, 2005,	91.084
00008, 2006,	46.28
00008, 2007,	56.407
00008, 2008,	83.70700000000001
00008, 2009,	161.82399999999998
00009, 1900,	91.36899999999999
00009, 1901,	192.478
00009, 1902,	206.572
00009, 1903,	205.83300000000003
00009, 1904,	216.67499999999998
00009, 1905,	131.78300000000002
00009, 1906,	92.775
00009, 1907,	161.93600000000004
00009, 1908,	123.79200000000002
00009, 1909,	353.788
00009, 1910,	210.47799999999998
00009, 1911,	189.95499999999998
00009, 1912,	186.286
00009, 1913,	317.98
00009, 1914,	157.79299999999998
00009, 1915,	185.16099999999997
00009, 1916,	89.78600000000002
00009, 1917,	141.335
00009, 1918,	214.425
00009, 1919,	180.37599999999998
00009, 1920,	157.06000000000003
00009, 1921,	189.52300000000002
00009, 1922,	166.451
00009, 1923,	212.888
00009, 1924,	205.927
00009, 1925,	149.411
00009, 1926,	209.06199999999998
00009, 1927,	249.372
00009, 1928,	162.915
00009, 1929,	158.665
00009, 1930,	150.744
00009, 1931,	155.94600000000003
00009, 1932,	132.952
00009, 1933,	142.38500000000002
00009, 1934,	55.74999999999999
00009, 1935,	76.977
00009, 1936,	137.05800000000002
00009, 1937,	131.008
00009, 1938,	214.45299999999995
00009, 1939,	189.97500000000002
00009, 1940,	160.062
00009, 1941,	211.915
00009, 1942,	136.018
00009, 1943,	192.517
00009, 1944,	74.864
00009, 1945,	126.63400000000001
00009, 1946,	150.737
00009, 1947,	172.09599999999998
00009, 1948,	169.937
00009, 1949,	139.45600000000002
00009, 1950,	167.16500000000002
00009, 1951,	154.122
00009, 1952,	204.759
00009, 1953,	97.97600000000001
00009, 1954,	22.823999999999998
00009, 1955,	114.33099999999999
00009, 1956,	178.235
00009, 1957,	216.175
00009, 1958,	177.78799999999998
00009, 1959,	214.78900000000002
00009, 1960,	97.896
00009, 1961,	177.081
00009, 1962,	227.25100000000003
00009, 1963,	172.19
00009, 1964,	96.01499999999999
00009, 1965,	283.301
00009, 1966,	433.6370000000001
00009, 1967,	172.775
00009, 1968,	180.75900000000001
00009, 1969,	109.90400000000001
00009, 1970,	177.99400000000003
00009, 1971,	215.33699999999996
00009, 1972,	163.10299999999998
00009, 1973,	167.006
00009, 1974,	230.758
00009, 1975,	240.791
00009, 1976,	95.72
00009, 1977,	193.77399999999997
00009, 1978,	53.018
00009, 1979,	159.152
00009, 1980,	133.98299999999998
00009, 1981,	259.531
00009, 1982,	261.86799999999994
00009, 1983,	96.381
00009, 1984,	273.414
00009, 1985,	184.13
00009, 1986,	134.946
00009, 1987,	140.73800000000003
00009, 1988,	192.46800000000002
00009, 1989,	67.406
00009, 1990,	175.06199999999998
00009, 1991,	152.055
00009, 1992,	202.15699999999998
00009, 1993,	184.356
00009, 1994,	173.319
00009, 1995,	282.545
00009, 1996,	231.697
00009, 1997,	165.04199999999997
00009, 1998,	137.70600000000002
00009, 1999,	213.27400000000003
00009, 2000,	78.951
00009, 2001,	91.97200000000001
00009, 2002,	165.11400000000003
00009, 2003,	249.946
00009, 2004,	114.38
00009, 2005,	43.204
00009, 2006,	151.48800000000003
00009, 2007,	101.29999999999998
00009, 2008,	278.513
00009, 2009,	71.595
00010, 1900,	46.093
00010, 1901,	25.868
00010, 1902,	70.387
00010, 1903,	24.554000000000002
00010, 1904,	1.85
00010, 1905,	18.248
00010, 1906,	15.25
00010, 1907,	39.206
00010, 1908,	112.906
00010, 1909,	28.782
00010, 1910,	34.786
00010, 1912,	45.217999999999996
00010, 1913,	11.722000000000001
00010, 1914,	21.675
00010, 1915,	43.635
00010, 1917,	20.933
00010, 1918,	26.381
00010, 1919,	72.74
00010, 1920,	29.739
00010, 1921,	19.905
00010, 1922,	10.764
00010, 1923,	24.067
00010, 1924,	14.709
00010, 1925,	28.789
00010, 1926,	20.897
00010, 1928,	25.458
00010, 1929,	37.245000000000005
00010, 1930,	15.510000000000002
00010, 1931,	62.789
00010, 1932,	20.543
00010, 1933,	88.77300000000001
00010, 1934,	38.722
00010, 1936,	52.515
00010, 1937,	26.807
00010, 1938,	62.156
00010, 1940,	26.823999999999998
00010, 1941,	19.829
00010, 1942,	98.82000000000001
00010, 1943,	151.351
00010, 1944,	47.388000000000005
00010, 1945,	25.0
00010, 1946,	21.198
00010, 1947,	56.267
00010, 1948,	64.452
00010, 1949,	10.802
00010, 1950,	5.839
00010, 1951,	70.296
00010, 1952,	57.541000000000004
00010, 1953,	35.429
00010, 1954,	24.721
00010, 1955,	33.407
00010, 1956,	45.179
00010, 1957,	65.001
00010, 1958,	29.14
00010, 1959,	73.882
00010, 1960,	9.964
00010, 1961,	55.931
00010, 1962,	57.986
00010, 1963,	19.137
00010, 1964,	50.129000000000005
00010, 1965,	68.637
00010, 1966,	1.312
00010, 1967,	34.329
00010, 1968,	26.739
00010, 1969,	71.849
00010, 1970,	40.394000000000005
00010, 1971,	21.95
00010, 1972,	19.78
00010, 1974,	53.631
00010, 1975,	27.875999999999998
00010, 1976,	3.886
00010, 1977,	36.315
00010, 1978,	82.55
00010, 1979,	89.342
00010, 1980,	26.557000000000002
00010, 1981,	27.572
00010, 1982,	48.181
00010, 1983,	28.386000000000003
00010, 1984,	77.74799999999999
00010, 1985,	35.292
00010, 1986,	35.807
00010, 1987,	49.471999999999994
00010, 1989,	35.653
00010, 1990,	25.372
00010, 1991,	59.632999999999996
00010, 1992,	28.971
00010, 1993,	41.425
00010, 1994,	72.045
00010, 1998,	52.716
00010, 1999,	34.717999999999996
00010, 2000,	26.458
00010, 2001,	58.535000000000004
00010, 2002,	39.628
00010, 2003,	75.34899999999999
00010, 2004,	31.619
00010, 2005,	33.249
00010, 2006,	66.216
00010, 2007,	44.94
00010, 2008,	23.902
00010, 2009,	61.465999999999994
